mean_squared_error_test = 0.3640702047156597
Roc_auc = 0.8888785004424654
Brier_error = 0.13254711396170238
Logloss_test = 0.4085390232688165


mean_squared_error_test = 0.3556699052275815
Roc_auc = 0.901380382369481
Brier_error = 0.12650108148459682
Logloss_test = 0.3976958266550089


mean_squared_error_test = 0.3235110842811327
Roc_auc = 0.9313436124842018
Brier_error = 0.10465942165275412
Logloss_test = 0.34088933199467136





mean_squared_error_test = 0.3235110842811327
Roc_auc = 0.9313436124842018
Brier_error = 0.10465942165275412
Logloss_test = 0.34088933199467136



0.099
0.12928
0.13254
